2886
5546
3914
1710
5941
7564
3919
6490
8966
5265
1414
4563
591
9306
2977
9262
5457
2121
9091
2796
9509
7662
8756
4171
2867
1785
5051
8933
8222
7583
8323
3347
125
1226
7599
4301
6194
4072
8338
4912
5816
2677
5093
3585
3768
8666
328
1790
9906
2860
5092
6996
5483
1448
829
9868
689
9123
6058
7801
1767
5627
9624
6506
5591
8381
7881
9835
1784
6520
1180
5577
7550
6757
790
2155
8050
4256
1996
8314
2239
5422
7873
3063
4768
7093
596
8390
2853
4468
9804
9536
7520
60
5704
5621
1111
6363
9536
1324
8484
27
9647
8698
2937
8138
9349
249
7466
4572
8946
1788
8511
6652
6348
1595
9877
2493
7414
7314
8383
8304
1618
9292
9836
6359
1477
1317
8400
6094
4034
1652
2841
8703
5543
7014
6105
6349
4013
9299
4610
4741
8134
974
2221
3465
4668
5405
1679
8729
848
2527
5151
2494
9088
5128
1819
6192
5496
3582
2147
7898
1687
2126
1302
2751
2161
7259
9460
1738
4753
9607
3634
5923
3783
4098
9810
4086
2229
9125
5685
8286
2024
801
5681
6572
7942
4947
8365
5731
5978
6067
3321
6498
6677
3560
1557
4717
3680
9497
6162
414
5050
7540
4271
3933
3389
3933
3556
6335
8893
4899
7844
8427
262
3654
8266
9978
3298
2104
7585
1834
5477
9846
3896
8142
5809
8244
7737
2077
7186
6652
2371
7383
9892
3623
9371
3007
2635
6414
6110
929
669
9620
5996
3510
5435
5215
344
2236
7947
251
6958
9332
4461
6686
7984
2554
4221
92
8187
9980
5361
8210
2779
8530
6287
6620
5005
7549
5201
6699
8097
6811
606
7754
1247
465
9413
3975
7616
9939
7137
3324
9386
7426
3356
6950
4624
9861
4127
585
4584
1273
4277
8194
564
5187
3089
4677
1590
4515
3229
3643
100
270
4313
1949
8475
1111
1208
1443
4038
8315
9640
6833
3178
3639
4446
7840
1692
712
5756
5132
6974
3406
2206
2726
7305
6338
5345
219
4056
6812
4041
8636
3915
1736
928
9369
4686
8760
8161
1089
1087
2465
8473
8921
5219
7704
8770
9282
4503
1707
5079
2433
6238
6844
8616
6076
542
5553
9174
1317
8311
449
4969
3937
6010
2978
2970
377
7960
5162
2156
8995
8895
5473
7737
2151
4246
3517
9085
2251
8786
8487
8129
4988
3052
6135
8915
6720
4143
1659
9696
4868
7635
5826
5500
191
1007
7352
9481
1704
3626
2196
4912
9634
9747
7347
2891
6946
6989
414
2505
3132
316
6534
7974
7253
7610
3067
1509
1869
8616
5894
9843
3175
5760
4472
4035
4729
6494
9014
8810
3441
8439
2740
4271
2258
9911
1644
9804
2278
7400
3202
7456
826
3729
2467
9747
1331
8472
5012
3857
6829
2925
6059
3122
6513
9310
9531
4296
5066
3049
3669
5470
2656
2847
8791
578
3000
4162
5063
6966
9835
8994
6722
3154
6920
9880
2090
6203
5607
9521
2984
5775
2584
7463
7994
369
8170
1731
3916
4877
430
8539
1245
9869
2132
