1824
409
4506
4012
3657
2286
1679
1424
6912
520
488
1535
3582
3811
434
3257
6873
3611
7359
4557
106
2615
6924
5574
4552
2547
3527
5514
1674
1519
6224
1584
5881
5635
4333
711
7527
2045
6201
1291
4803
5925
3150
1139
750
3733
4741
1307
3814
1654
6227
4554
7428
5977
2664
6065
5820
3432
4374
1169
2803
4010
2677
7573
6216
4422
3598
5313
916
3752
525
5168
6572
4386
1084
3456
5155
3483
8179
6482
7517
2340
4339
2287
4040
4304
7019
6543
5930
3593
2266
8085
1489
771
1796
2504
2621
6916
1040
6304
6252
7668
4119
188
1876
4371
5573
1827
4808
7123
2591
7433
53
4315
2927
1743
4889
3258
2504
6126
2646
9
5310
8005
319
1832
5947
5038
3923
949
3946
1290
1403
7962
1133
2060
2103
7787
2705
4342
6932
3470
3295
5107
6537
6118
7177
7397
1982
4061
3681
1049
5539
344
3770
3608
117
1163
964
3750
1104
514
5413
1160
3899
4562
7953
3510
2167
7744
3981
7749
6669
3119
1545
1588
7062
5804
6939
6735
7651
887
1612
993
6596
5559
1790
4073
3139
3116
7350
2296
6912
3006
4563
7579
4092
1235
7260
1604
828
241
1528
3872
2724
6658
7956
7886
3502
6570
960
2697
6209
35
6396
4345
7454
4673
6930
7973
2536
3111
4861
3566
958
998
5138
936
821
7811
2579
931
1312
3044
1122
1113
3853
6615
1964
4033
651
1343
6868
5183
4272
3346
5147
3910
4351
6484
2144
4915
7491
5180
1188
152
7508
1638
1200
3492
4345
2170
5718
1127
4002
6054
4669
2584
7179
4956
128
4905
1697
2200
4333
1891
1753
2546
4462
4616
3450
5617
3335
4325
8004
4114
832
1512
6939
4533
722
58
5464
2143
4291
2647
7239
7007
158
1832
1232
2442
590
6049
2426
7041
2088
685
5050
5974
653
5862
3441
4088
1684
5794
6658
2532
3878
2662
2900
6755
406
2938
5442
6745
4065
4371
2608
1771
6267
634
7711
3644
3269
7541
5728
5000
3728
3652
387
3164
6528
5378
4564
1137
4573
5753
6548
5425
452
1889
4279
2925
4349
626
1776
7119
5663
5139
7149
1894
6311
3114
4173
727
7144
27
3228
5967
7066
1146
5409
5143
2041
4920
5067
6691
5344
6592
4844
2085
3143
6888
6211
2851
4930
6653
6
4978
4700
3443
7043
5279
7618
7238
7244
3501
7752
2780
1389
4649
5491
1530
3848
5085
3680
3262
2414
400
757
4011
7784
1193
7461
6790
3185
6291
8099
6547
3997
2417
90
1746
6965
3585
2881
7611
822
4082
1988
7478
2184
7612
5198
7251
6991
7305
2607
7777
7373
4246
4050
4543
7939
3919
4499
7206
1269
4681
3841
4451
5502
5238
1320
2267
2471
3788
6275
2503
3505
1052
6797
6678
5421
7633
6812
1020
3388
6883
6381
320
6232
7814
96
5763
4892
6389
6865
3613
7999
3595
4471
7140
7956
475
6371
5507
6624
2704
7657
2091
441
6455
444
1375
7022
2223
7564
2977
823
4262
6211
5363
3467
7449
5355
5529
6211
4558
6906
4133
1341
7705
317
853
5733
3673
1124
659
508
4051
3266
333
2496
3908
2068
7758
1874
3571
7619
4198
6043
2749
1876
2683
5096
1771
420
5111
6149
6498
3249
1245
3978
1669
4941
1983
672
5688
7018
6071
1129
5590
207
6882
8031
1729
7102
5934
7532
2506
7135
2885
4425
7921
7616
7136
4397
5280
4022
1419
4569
7385
3995
7613
6209
5511
470
8098
5325
2979
7988
3475
5813
4232
5576
4581
4526
166
3130
1402
3954
6658
8004
3937
7800
8041
7342
282
1524
4820
3630
6625
3986
5016
6046
7753
5632
6971
5419
5764
7434
4438
5023
4118
3777
1976
3155
5169
1958
3033
3138
3545
7933
4530
4636
1647
3180
4853
3727
5912
2939
4952
231
2073
4494
745
893
4786
2068
8042
1680
200
4658
7690
7843
7216
5582
3020
841
4136
7827
1869
1070
6565
8056
1213
878
2485
2444
4978
1395
4066
1940
6818
3697
6232
7381
7253
4871
7025
5003
986
1625
3404
3457
4335
1330
2573
3929
2847
1229
2564
43
6693
7381
7699
4771
534
3792
4720
4632
7438
1166
3824
4334
3241
6965
1880
3683
2441
4352
2330
1169
977
2718
5039
4728
7195
2037
7679
4982
6594
4460
8199
8090
7172
1317
653
7078
5280
4102
423
1496
3750
339
4415
659
2870
7708
7245
4557
2973
7141
8056
1494
7700
5700
6690
5460
5260
1713
2634
5403
6744
8117
4722
6561
601
7451
1442
5153
4135
5296
1899
6622
18
7569
6770
888
3073
5927
8167
7242
845
3335
4375
2146
4719
7178
7941
1989
472
3920
2594
5091
224
6684
1527
3681
1858
7560
1924
2522
8165
4781
4479
6807
7905
7736
3993
7483
2369
6284
3122
2236
1143
4526
6798
5568
4377
42
4634
4891
8022
2434
7316
7935
5654
5446
6180
7460
5272
3090
3912
6274
3826
6730
715
5213
7749
6246
6325
2492
8115
606
2068
5439
1644
7213
1633
7486
251
2361
6717
2529
1225
7692
4342
5546
6512
1315
5383
6226
5188
7994
588
1121
3846
4708
3727
1480
7110
1612
1646
7269
2725
4906
474
753
5314
919
4806
5873
6141
7056
2385
4000
6751
2950
2785
2868
1293
6267
3945
8153
2344
3804
7555
4161
7529
4183
153
7622
4712
2588
1210
7237
5661
4901
6951
4097
7484
4949
3263
6302
7916
1747
3886
6248
5881
4847
4837
359
6484
4497
132
803
8138
4689
3770
5772
3588
3115
4106
2240
1591
645
5061
7222
546
5977
2153
1476
4835
5352
6807
2877
3289
2165
5994
4465
2695
4210
7894
4835
5549
1886
7673
1233
2306
3696
6511
5992
1479
6464
228
4332
2024
7451
6038
4295
6242
6086
1775
3830
7724
410
5374
3626
1035
7606
4951
6689
1911
2290
742
609
4986
8071
1902
1592
3846
2222
6367
7432
6078
6866
2531
6797
1622
8017
6686
4583
536
6070
3559
7264
7285
3868
5942
1627
6018
5876
992
6523
4520
3109
2001
7450
1501
3475
349
828
5464
3990
2063
3362
1124
3394
3538
3817
5383
2417
46
4542
2370
2129
4106
2858
1801
422
2159
243
5869
3898
5304
258
2854
4347
858
2076
6897
1862
1041
7802
7344
5931
1786
7405
3629
710
4941
7504
510
996
7847
6580
6984
1768
8032
7267
1204
1323
5277
2430
1076
2067
4505
5327
6240
4831
7433
7048
1624
1874
3522
7046
7398
3743
6779
5553
7430
6532
6815
1557
5120
6992
5120
4176
6132
2500
7770
1099
1494
1398
1527
7075
1582
6105
2131
982
5400
2002
6730
5793
6929
842
4712
5119
5761
1697
3485
2535
7900
3674
1773
5736
6022
1882
4564
3705
7030
430
4381
474
2955
4477
5062
5567
5751
100
2972
2347
6566
1140
2324
502
1503
3524
6163
6878
7432
5585
2578
6062
5105
5314
1391
861
2549
2579
815
1336
4458
7259
6947
7957
7242
6785
4475
3531
1864
5655
7043
1816
4640
7972
5053
744
3612
6475
897
125
3349
4938
3460
2248
4186
4742
5375
1965
126
8149
7055
2878
2116
6229
3770
8196
5802
1180
6505
693
7147
307
7532
1275
5129
7033
6626
6843
4743
1887
6636
341
5321
2815
7538
5928
1443
7155
1734
3986
7138
6560
1288
6484
5083
5562
3630
5456
2754
1251
1868
3176
5724
5752
2419
3871
1684
2399
4193
3232
2842
2504
1234
2902
8095
7601
7354
5295
5179
2473
7205
1118
7682
7245
4961
4500
920
5766
1215
5085
7565
7404
616
932
6041
4703
1257
1479
6299
7581
672
7368
3084
5267
7792
2471
1013
7381
1695
5626
1381
2827
641
4059
7172
7199
2600
5962
6108
4634
6347
6697
5543
857
5482
1079
5401
1548
6333
4655
4128
2463
5461
1335
2317
5731
5082
6421
2112
1388
5072
6171
5381
2093
1531
6937
5928
298
5940
5060
2953
3509
5598
7967
3145
3711
2253
2538
1264
4846
1657
618
5517
2147
6172
2527
2658
2962
2712
7170
715
6731
5968
3891
7277
4668
7355
3833
3918
5070
7684
3178
6026
7218
7564
4616
6256
6859
2655
3271
2267
4096
854
7873
6081
1680
2042
4670
1374
2626
4469
7361
2414
7167
1502
3637
7391
5727
436
6797
872
6495
6126
3862
6326
1337
6142
3678
461
5221
1623
5493
2392
2254
627
4700
7740
2273
7685
7349
86
1298
311
4193
3533
2449
6934
1821
4720
3893
4934
1996
782
3906
6878
7489
1029
1816
8189
269
3963
2352
4772
7032
25
5780
3941
6825
3068
1402
5908
1108
333
6397
7702
713
6338
6116
4155
266
5850
1106
5649
3950
1698
5447
2185
726
5772
5546
2868
7612
7840
2986
2209
1033
7498
605
4807
3302
717
3268
686
5170
5080
6524
7756
4150
599
3131
4687
5848
783
5438
4476
2039
6029
7159
6553
7204
6334
5554
3060
8129
8151
6018
4369
1353
6955
1293
7055
2956
4813
5262
1680
1311
5372
4843
5021
7305
6981
2730
7272
5759
7325
693
5776
7126
4498
939
1229
6655
5952
2621
510
2339
7179
570
2068
1101
3866
6001
5933
6272
530
2513
7371
6077
6095
7273
1259
2255
6012
6521
5150
4566
4089
1858
424
3048
8176
6340
1929
4288
4264
7311
3515
4678
8047
3279
2009
2223
1213
7406
2828
7292
1438
5236
5692
1063
4757
4914
2580
2852
5922
3673
1988
3292
2275
3878
8094
430
5912
6044
7657
2126
1412
1077
5067
6523
7842
6730
6708
1208
2053
5194
1215
7372
7632
5644
2102
2981
2114
7088
907
2034
2507
4982
2697
2653
5286
3694
5669
4653
1292
4105
3216
4496
2050
4961
1530
2762
2526
2804
5531
674
464
1330
744
4336
3453
6825
496
8159
4745
4949
7912
4012
6653
4873
7430
1195
981
2589
7202
6809
7933
7609
3342
5573
2353
5121
5231
5658
6532
2142
6070
1739
5228
3960
7642
2007
4382
7366
4061
2308
1586
829
4754
6293
6850
4067
2616
5364
5123
3110
2610
8163
7648
8171
5055
8148
379
1475
6442
7491
3944
3524
5781
797
828
4609
8108
7710
4681
133
1761
7060
2194
4333
5992
6606
5995
741
6563
838
3189
5939
4728
1204
6329
7378
4582
1946
2108
1584
6453
6114
5555
5990
2363
3261
6576
8193
659
742
637
2245
5456
7761
7487
2440
2290
5373
5218
2662
6438
4902
5511
8025
4911
7780
272
6035
5427
1795
6824
5040
436
7775
4350
3728
841
7871
2793
6229
2421
3968
517
1800
3125
310
7225
5139
6861
2481
6765
3340
6723
7726
1020
2262
3397
5325
7837
6173
5140
2837
7531
5608
5804
4331
7932
3150
4038
4571
4890
3684
4876
4735
3396
8011
5194
7861
5714
4480
4715
1996
6220
6464
5654
2399
4758
689
4712
1294
5674
7247
4201
7849
3505
3310
4442
4450
2249
1789
3920
3972
831
3697
3814
860
1641
6771
5411
7739
1647
2252
84
2587
6666
7793
7822
3267
4706
5262
4676
969
1465
3804
611
2868
6846
2880
595
6504
8116
3052
4742
613
151
4888
1758
5489
4662
7444
8092
2198
7668
4470
3159
1845
5417
2662
7518
4215
3050
230
5523
4833
3164
2875
6643
7007
5372
1421
6567
1562
3027
2303
7822
5301
4064
111
4272
6284
3858
7319
4374
5400
4947
187
4285
5890
3871
1017
1936
7625
5026
2616
6642
5095
1923
4833
6021
3618
3590
2188
7834
2509
7454
6121
6813
7714
3578
4054
1341
7319
5927
1279
1838
1011
3312
2455
2695
5375
7239
1904
3365
8008
1489
7298
911
7429
2161
6806
7484
945
7575
5049
356
6487
4169
49
3570
1196
742
6941
5644
1044
987
1130
7734
519
4703
6698
2948
2218
6887
6135
6266
7348
6184
6154
1314
2178
5697
1943
2924
6439
2086
3648
56
372
4888
7585
6948
6214
3762
4055
7546
5671
2541
4516
3088
1848
527
6868
256
3943
3376
1102
1653
550
7314
797
4009
724
6590
7191
3839
3559
924
2295
4739
3836
5224
5253
3881
4944
2347
3621
6775
4923
4508
998
2869
6999
8120
768
5642
6244
5222
6821
6688
2444
4913
6167
3012
7758
3948
3692
4927
2365
7586
944
6761
6824
2196
6363
3978
4177
3331
5411
1295
7369
6079
1514
3120
844
4398
6179
647
1192
3082
3555
7854
3422
5455
4967
251
3470
3113
1922
7846
3974
3350
6498
3921
5269
4637
6236
7639
5886
5053
4285
5892
8147
7635
1615
7692
5246
3328
6073
5126
6781
749
3625
2390
265
4272
6841
4836
2497
3214
5404
3768
6223
4026
8180
5530
4216
8005
8037
7550
2756
5770
2773
2293
8000
3015
962
554
1217
794
104
6756
2252
3791
1113
2474
149
3583
7471
6114
990
7916
7993
257
108
6739
194
274
4501
4697
280
7054
2937
1753
1578
2439
3948
3144
4135
5807
4379
6502
1294
6112
6652
7520
3984
3700
4914
1320
519
1531
6640
6213
6179
7798
919
154
2807
1354
8189
7109
5427
1562
697
3764
3463
7790
4441
762
1218
4593
539
2938
5152
256
3394
2362
6525
1260
4903
2661
3939
6375
5435
6288
2292
1284
5666
879
1600
7161
3803
1245
5580
6499
5347
485
4478
7381
8038
3737
5829
6150
7075
3043
6227
1404
4839
4037
1204
1344
4390
2526
6225
2527
6383
5188
5909
1745
1499
85
5050
7286
5896
4419
1674
2170
1430
3070
7061
7353
6685
1692
430
1468
5798
1524
5315
6311
202
4781
6779
6353
1387
3977
2778
6237
2777
2274
4405
4933
4397
8079
2390
1036
2739
7121
4521
6899
4911
7933
1260
5916
4123
4040
8123
3203
7501
1752
2219
4991
110
6483
5443
6224
5399
7212
5484
7055
2230
4922
5253
3290
7848
5147
2910
6524
5228
4775
8044
3971
5339
6161
4592
6437
5980
1865
3273
2947
440
7563
3434
7183
4773
1133
6703
8180
2280
4961
3965
4139
2525
6932
6176
1211
7357
7851
6566
6853
602
5890
1392
1791
4067
5816
2725
725
6547
5432
7052
1735
172
1615
4239
3637
3621
7303
6129
6408
7586
8199
2469
5651
402
7909
1712
4840
6815
1406
1901
2321
5707
5110
5620
7460
3389
7912
5706
7801
1599
7178
7412
5225
1100
4919
732
1885
370
5620
1791
2692
3996
2858
2623
5422
6985
7570
3798
6636
3022
3053
7080
6481
478
3232
7365
7037
6370
72
3519
3371
4560
1025
1667
3063
5993
5340
3228
7496
1867
4298
8019
5134
6367
6431
1871
5700
5766
7501
2826
4873
1388
2194
5131
1931
3908
5003
1916
2999
6116
2316
6364
6852
2258
6286
6931
3043
7973
2838
2733
8022
4732
2298
3065
5154
7389
878
5882
157
7939
2236
3196
6290
8109
6703
8056
6809
7272
8006
2740
1354
505
3613
4785
535
4503
3683
4729
2755
7492
8115
1854
1871
4389
6010
681
7231
3580
6965
1677
4055
4877
528
7368
4305
5711
1425
7193
1923
3882
3438
5744
7015
2719
2281
3385
3390
972
5747
4605
2758
5302
4794
4740
4380
1560
2221
6743
971
4543
2078
2174
4090
2396
5277
4055
6434
8019
2329
4402
6786
6146
7405
1237
1525
6600
4558
6046
7449
7996
5362
40
1526
7511
5869
1037
6516
3568
7039
3470
8105
4399
5289
4646
5533
2139
7951
5631
793
752
1631
7529
266
2035
2588
7230
7479
11
7009
3314
2161
4945
2604
4489
1529
5905
4102
1350
6092
2711
848
6493
5005
3836
7032
1494
1559
17
3496
7812
1276
2174
3705
7291
152
132
5629
1975
6919
2165
7826
1160
3751
6276
1463
1678
1690
5133
6022
4902
2246
6270
2181
2340
1120
138
2688
7210
5753
3490
2480
6745
7248
3559
1420
1646
2293
2017
6291
5759
7035
5152
2290
4059
4537
1380
4065
4668
439
4942
3366
3090
6418
4842
894
3921
8108
6322
1847
3949
8185
1163
197
5916
5185
2162
6337
6895
5986
2830
7717
1195
273
1106
225
4295
3534
652
990
6520
4693
6806
6939
6590
1350
2501
4546
1369
5077
1294
3329
2545
5353
6401
1083
5081
7167
3909
948
4005
1412
7118
1900
7428
901
5067
2877
1956
207
2248
185
2684
8133
5680
4247
2735
6092
2079
4403
1934
480
5488
7034
4456
1046
4308
1262
8128
7457
5900
908
8185
2734
6024
2577
4179
1685
1889
3742
42
721
201
4006
753
7729
5963
6274
2458
2932
579
6870
3678
5272
4067
6819
5241
4444
1276
6108
1956
862
2938
3656
752
6568
1129
7620
4625
5090
5362
1415
7483
130
6044
3287
4777
4979
3974
7600
6033
8083
3201
4016
2466
104
6718
391
3817
5675
157
5488
23
6164
5038
1703
3361
3902
6878
8061
981
2332
4584
1524
719
3792
6767
6102
7511
1391
1565
2187
6461
1226
1020
7126
2141
3879
4778
4276
5161
6438
5345
5211
7417
4455
3827
1223
3321
2230
1785
2546
1731
2693
7365
7635
5145
6660
1978
5870
3401
7404
5051
7591
4341
1964
1481
2582
4984
660
3522
5370
2430
1494
4066
5828
6492
802
4896
4262
2848
509
6625
7408
4093
1551
7570
1669
2290
1989
195
1010
3641
2141
3246
6563
6098
1376
4240
1228
357
1056
3239
7265
2110
1506
5432
2007
699
7552
829
2752
7096
6471
8128
483
6270
6990
2831
5799
3517
3066
4505
4585
7307
2435
567
4026
4835
8173
6750
7848
999
1437
4583
6275
2248
6868
3267
4082
319
6266
5883
7859
7940
5636
5269
6363
4430
2946
427
5224
3588
480
4602
959
7728
5856
3813
2615
1640
4060
3951
4366
916
3594
6363
5813
2846
2885
3875
5210
5878
462
5761
2328
3084
8064
5063
2876
8035
621
1478
920
3811
3584
326
7831
11
5435
3300
2137
5582
2907
5301
975
359
2420
2320
1817
5978
1188
6120
6481
1655
5514
4944
5285
2235
2580
7157
7982
5198
2854
5846
3657
2872
6199
5026
4825
2086
2911
29
6415
530
2983
5213
3619
1705
8129
2304
5425
1274
3899
5682
5234
2750
1453
5500
7317
186
4345
3435
4088
1110
5742
4205
1770
20
788
6323
7179
6875
2725
6783
8078
6204
5754
6149
1661
7855
3695
2664
7393
1207
547
4831
328
5221
4278
1715
1215
5600
2787
6151
2636
1228
1525
5536
7909
507
7066
2703
7113
2573
877
1659
5424
3367
3112
6705
4346
4612
4872
3891
1571
813
6437
8043
2516
893
5911
62
7005
1435
4825
7869
3271
1589
421
3390
2798
4781
1342
7758
1892
5052
6512
7715
8013
4341
1493
6349
3029
6078
6249
6052
3056
7303
731
4313
7204
7619
4315
3706
4400
1009
2476
1584
1404
5632
6782
3727
999
6342
6858
7779
3860
7803
4896
1293
6468
568
2415
1970
7357
2832
2738
3471
3157
2067
699
6936
1283
7133
3308
2422
4225
5238
1097
1425
6358
6510
5343
4525
7506
202
6874
1843
6790
2451
2428
1641
1730
1654
4687
5633
6732
4327
6275
7955
7750
613
2821
4512
6602
2356
6581
635
6484
5431
3892
807
7785
4400
6102
331
5535
4965
5094
4593
8054
1609
3734
2201
4923
7259
5257
4414
6828
1462
3079
7237
3463
6671
7937
6126
920
2604
1075
5097
6609
2222
474
2846
3158
3288
944
4087
541
7478
828
5904
3262
4488
6035
7605
6503
2029
500
3963
6102
8008
7308
2909
7775
5730
5640
2679
4237
1480
4670
449
6333
813
2669
3511
3626
3688
3387
4408
6709
328
145
7767
2167
2837
138
3666
4135
5004
4511
6943
6168
5713
7520
4128
3575
7646
4950
6506
1676
120
6131
4631
4890
1771
7892
1045
5509
4529
5327
4536
4278
4895
3086
2456
3937
930
6620
5236
2292
417
8148
4843
4250
6857
6628
6361
578
3111
5622
3643
7794
5873
4918
2785
2967
4813
1599
7713
2096
4237
2999
5499
1463
3641
5820
3659
5031
6889
5428
6089
4269
4817
7598
1929
7709
879
1166
7736
3187
8199
1963
6253
4888
6768
885
2470
2250
3281
5614
6704
7496
2346
5183
2954
1324
7988
5449
2897
5134
950
77
7406
4481
3430
2762
2595
8021
1442
2120
7105
7035
6609
7029
7821
6280
76
618
3267
6112
230
5279
3122
293
67
4076
3707
5641
5113
2112
1682
6284
5015
2736
1069
749
4885
4764
7469
5535
7105
2192
5615
8031
5885
3087
2701
6609
313
3742
3675
2149
3460
359
2768
2017
6006
612
6147
4190
796
785
1771
323
790
1897
6828
7279
6230
2024
4140
7772
2508
3366
152
4933
6895
1654
4423
2247
6862
1718
1928
4631
1867
1741
8154
3254
3272
4308
3304
5864
6713
4839
2627
645
8132
3402
7875
5416
3842
44
208
1458
1809
8095
2443
1475
1229
1659
4192
3787
7483
4850
4327
7606
820
1635
2862
646
4760
5901
5123
6979
1898
1556
751
158
2267
2793
5384
5857
7171
4395
1522
6105
5615
2996
1865
6566
6557
7479
4453
6319
7835
6909
2732
1852
2171
960
2611
1699
6816
7908
7178
2969
6221
5875
472
2140
7914
7997
1850
6738
7220
753
1037
4286
5148
202
3669
5542
1560
7091
4072
7895
5664
6305
2435
894
190
2571
7688
8123
2709
1226
8055
5253
3946
5421
4557
824
3648
6203
6607
3850
1291
7521
7277
7341
1442
8166
7324
5178
1944
8148
291
1681
6609
6755
587
2
1489
4990
3389
7474
5584
5953
889
3652
7445
5439
7751
5952
7414
1868
1596
3633
35
5592
5818
4783
6125
1741
750
2689
8067
2301
6704
1752
4166
3209
3072
1978
6437
3532
7488
3122
5536
1765
6790
761
2018
7381
7493
2205
8172
71
795
7091
7912
2903
2845
2103
1696
6347
5273
6302
6859
4067
4482
6518
5617
4819
7419
2185
2263
6762
4897
5143
3560
3291
3435
4760
5657
2173
2913
5281
1890
5771
7870
6839
4684
6920
209
1744
414
6240
2381
869
927
3275
4374
2636
4695
4105
2399
1016
4835
3342
529
5876
7415
1679
3675
6371
3892
4712
769
6251
6349
6825
5122
881
212
4117
3327
7259
3695
6025
3218
3170
4819
7353
2906
1220
3063
2847
1955
6180
665
7020
4572
4329
2131
2636
4178
92
5415
7640
2536
654
2518
5285
833
4934
8037
5866
1194
5207
3603
3012
1117
2611
6814
6609
1506
5724
3624
3495
5437
5424
5911
4809
3579
7780
144
1879
5668
7301
3937
3994
653
5258
6248
1857
6322
4203
4633
404
6143
7300
7975
718
4856
3154
5248
1349
1572
2742
120
1072
3453
3492
6950
1702
3368
7130
1181
2519
389
7523
5434
620
1433
1200
889
2916
4127
1154
3729
4237
6678
6357
7391
6626
7094
5183
276
6381
1938
96
1036
745
1189
5860
1738
4748
4937
1417
4612
7170
6249
6473
504
7765
2561
3602
2234
6406
4832
2360
4883
6113
182
2316
2019
684
82
6456
1394
4992
3441
5633
3469
6760
2333
2637
3014
3617
4140
3183
1877
2971
891
7557
1198
4762
1103
4107
1608
3234
7982
5420
5851
2100
3842
1639
4671
1143
3170
5206
7960
7383
5379
5008
2496
5971
5182
7017
2762
79
5131
4033
3629
7145
4533
5889
2200
5432
7863
7583
7296
5877
5004
7978
1783
2879
1343
4597
2293
3218
4312
1252
1235
305
511
6637
3485
600
4269
7734
2435
5993
6430
3658
4767
2193
7613
1483
6500
5961
173
3913
2717
2299
7310
2608
2935
2395
7921
5878
662
3585
7989
3796
1029
4331
6052
3834
701
3387
5918
6358
7695
7448
760
653
5309
1691
4480
4314
2848
6171
6201
5985
1275
4121
6165
3651
6649
5781
5653
7976
7898
108
2276
7207
2713
3768
1263
4600
3465
2461
3062
2578
5934
1938
3773
6793
5410
1856
7889
7844
7848
3452
2641
6732
367
3992
706
2095
2639
2207
642
2406
916
2725
4231
2949
6642
305
4644
1404
3548
7359
7723
7891
2794
3594
6730
2338
2979
4333
2747
5614
7429
1127
3765
6196
6315
2166
1778
271
3315
6877
2450
1577
2906
7796
639
1925
1526
7901
2135
19
7069
6892
6068
711
7028
3759
7899
6246
5742
1600
6971
2193
4170
7817
3809
1373
4641
6695
4223
3096
89
116
1930
117
6144
3365
5175
6698
5935
1746
2535
6980
4155
4281
6939
5990
4514
6511
3337
6770
7904
2928
6065
7925
4157
5024
5641
6522
2262
1951
3764
7317
2650
1642
3513
6562
5544
852
2633
6375
86
1492
2381
7727
7133
1444
1049
4310
3633
6075
1311
618
6296
6564
4693
941
2871
8099
7192
175
3304
4685
3190
550
3795
2776
590
5893
3919
4
2579
1422
4520
6544
5785
6474
6642
3281
251
1124
1477
4661
5703
5693
4530
3707
3187
7450
6618
76
4277
2867
6670
1744
1185
4821
5570
1917
4222
4098
7254
6178
7923
3985
5565
7517
7548
448
7896
1904
4224
1106
6269
3610
3767
5172
6757
5785
159
4314
4067
4706
1523
6536
5603
1245
2924
7807
5142
5792
3580
4408
2994
3115
8175
3271
3847
3965
4348
3387
3755
3322
4091
5833
2555
1747
1964
1285
8071
108
692
7901
6081
5167
8066
4501
8041
2996
4591
6518
3638
2101
887
6933
7836
533
5689
6450
2863
7490
1972
7537
5171
137
193
3452
6216
1650
5331
5924
4254
3066
4306
3885
4413
7722
5621
5995
3013
8171
6945
3449
6866
6099
5981
6563
4581
7384
2947
2148
3744
1636
4422
3863
7081
6240
3212
2389
2450
7749
159
2893
6906
8185
2203
5172
7972
4915
4111
781
6527
1621
2676
983
3530
4166
7807
1577
7370
5483
4256
5914
5903
4222
5638
324
6746
1986
5752
3259
2859
4663
5818
5326
7987
7322
1284
6243
4694
7598
2373
2745
5527
6911
6631
1168
1296
2654
5629
3739
5136
5191
4773
4382
6479
4444
7289
5950
7377
6782
2741
3012
378
2048
3844
4122
1311
3450
2734
6505
1687
1565
1045
7752
881
431
6504
1363
1702
4300
2544
1381
6387
5068
3757
4053
4655
7260
2071
2150
2795
468
575
5846
5328
7801
7654
4463
7288
2213
2900
7480
7126
5073
5688
7891
3721
1467
7239
5044
5992
6753
4256
2551
4973
172
1
2233
5634
4698
7687
136
8059
7816
4908
149
7052
4799
3788
118
6121
3089
6745
7161
6467
4094
2675
6385
6199
3614
4308
1297
6917
3924
4454
4664
4404
6765
3080
1121
2988
2238
4744
1808
7460
7418
4458
8060
3076
5253
317
2492
813
362
3046
1675
4622
4410
2048
7183
134
3814
1477
2468
241
8086
3558
5601
6885
5104
8165
6084
7597
519
5410
1314
2393
918
4366
6429
1169
7702
2975
3148
4097
6251
206
1998
4078
6304
7257
4049
549
3263
7550
1539
3415
7746
6375
5113
5293
2598
691
2001
4150
7884
4895
3255
5905
853
3568
1850
3866
7113
5316
246
2742
4523
1960
6484
3982
146
688
7786
2539
6084
1466
4075
2583
8190
1497
5544
983
979
5824
2521
1759
2061
7992
3812
5189
5690
7187
3161
349
6189
5868
2207
4107
646
7951
7168
4828
8029
3109
3057
5696
5303
7674
4510
2627
1128
2539
7362
4844
4314
6014
7439
11
6210
3039
306
5965
3912
5254
1037
6348
3110
8151
2525
4638
5285
6714
5276
1809
1577
1092
717
2126
2926
512
3310
1753
7952
3139
1617
521
6366
8026
4193
804
6002
3616
1161
214
3419
8051
1310
7668
994
5913
6814
6046
955
4355
666
1153
4979
1276
3537
1591
1658
3784
6313
3104
3164
4075
2931
6802
1728
5864
7515
6997
1705
2733
2955
6579
5529
2591
7258
5772
5163
5319
6090
6755
7054
5299
3943
3504
6145
4162
5898
7412
7331
6505
3
567
4660
267
2213
4945
107
4920
3635
3519
5159
355
4521
2534
1544
618
7542
5827
2557
2267
4341
6014
4093
3817
4198
4920
1505
6550
3562
1264
5319
7905
2832
7999
1562
4921
612
6251
1285
916
5478
5700
7115
6824
1974
3714
187
6266
886
4993
674
5231
2450
5354
3617
2509
827
6436
7300
1475
3638
7076
4747
6460
2425
2165
5507
1352
7796
807
6540
4301
1393
6529
7118
2136
2209
7879
3245
7993
6476
3212
4034
3970
1173
4362
7046
5298
1467
1843
6776
6939
5984
5706
3120
5254
5644
396
4994
2773
5729
7245
2389
7216
735
3825
3271
6124
2555
1405
1841
893
3982
2419
4713
225
5624
1823
4999
7373
7719
372
5437
3424
3471
3339
4237
7913
2315
301
6170
712
4185
2790
984
4653
3288
4444
869
7617
136
1091
6367
4445
5901
1767
312
4792
6332
3787
6237
1631
5168
7940
1442
3054
3258
7503
352
651
4053
4995
5465
8027
6445
2572
301
5681
5765
5822
4953
3869
4519
1015
4221
6343
482
4590
3695
2485
5599
6436
2248
1438
6262
3726
6837
3938
2502
6987
5118
5395
7359
2158
3387
2270
3314
2262
5062
2215
7046
2378
2589
5201
1111
1939
3016
5203
2384
483
5221
6783
6737
4970
7258
4485
2489
3079
1749
2155
3026
429
4372
3783
3804
3783
427
5886
1302
7808
2196
7680
6126
3014
6348
8051
7763
2253
2683
3166
3707
528
6694
245
4421
6767
3646
3323
3351
1083
2901
7197
8027
5323
7496
4043
7005
6633
685
6232
5126
6457
630
1791
7399
7485
694
4025
6481
643
6347
807
3110
4770
7201
6521
4989
4684
7558
2727
6921
4823
893
2330
7595
7400
1481
1854
2945
2216
6440
6775
5299
7387
408
2930
7433
3308
7449
1477
4097
5309
2686
2024
1494
1870
7362
5946
1397
6292
2619
6204
6235
719
2799
5491
2459
2656
2369
2930
840
6874
5047
5071
7311
4731
2960
1926
2155
3323
57
4146
200
7514
8153
8169
94
8084
3897
3553
7794
7434
6719
7239
1300
107
4009
4556
3401
801
3028
2429
902
5718
601
2381
531
4889
5424
1436
803
1784
6831
2920
2643
4659
2906
7460
5901
587
1525
4903
5289
6038
6208
1108
7001
1063
4797
7713
2204
1999
4496
5393
6779
3438
3425
953
1790
1436
7924
4705
6996
5185
4254
5797
2125
8132
8154
8069
2947
3812
4759
3171
25
1936
392
7616
1932
3396
6793
6783
745
5468
5728
3478
185
3296
4614
4168
1111
5042
4919
5307
100
1865
5460
5592
6488
477
2877
3178
5415
5536
7849
7774
582
2224
7888
2545
7546
5490
7577
6782
917
4904
5169