8394
9303
5673
5324
8065
3370
4338
5669
3199
8674
1964
4896
9908
5622
6443
4591
6685
1249
9978
2808
503
9017
107
8562
3402
5778
9765
4349
8282
6081
2145
600
56
6019
679
8765
7058
8186
2103
9602
7733
9088
5629
9355
5298
8331
7029
6913
5822
4579
6897
6474
228
7987
4590
2051
5485
9354
2890
702
152
1681
9491
3411
8658
3388
9278
1753
4959
508
7514
8886
2773
170
2561
6400
4583
7932
8172
8868
352
2795
4375
6598
2277
6280
1733
8433
9711
1582
6126
6611
2028
3086
6388
6333
5212
9568
7214
3413
4387
9578
3073
8287
4817
2296
7285
5697
3481
3750
9781
5491
5098
5859
4446
4775
5066
634
5941
9530
4267
4245
7985
474
3066
8328
8586
5594
7119
4290
4489
9988
540
1721
3747
6936
5113
3555
708
708
1198
3807
5525
3911
2759
9856
7756
2180
2798
7910
8850
2986
4109
8109
6588
5782
4700
4644
7252
5092
1222
1213
5167
6664
2344
2090
1896
3664
1433
9235
7393
3693
3254
6404
6815
1153
2690
7407
4981
8943
6864
8406
7030
1541
2686
1973
7141
9788
4642
1754
1868
5082
2894
513
6157
5589
1599
7645
7389
8233
6215
4800
7412
2765
408
2379
5581
4306
9898
4929
5894
2613
5161
7082
7879
5926
8049
2524
5108
7377
7454
8001
9122
9219
2276
9490
9106
3508
8553
7881
5860
585
8295
4741
8958
211
5742
7370
3720
9938
6382
65
1116
5469
9803
1369
2819
7557
6063
4785
9320
9704
4889
3014
7337
8215
2236
9868
1364
251
5749
6485
3928
4452
996
532
3895
63
2459
3776
5242
1486
1585
6075
1972
5239
1359
606
2790
7186
6412
2705
3368
3988
2587
2579
6206
7341
3256
6476
6799
4213
9098
3551
8695
181
31
7776
5560
8331
527
9029
793
891
6816
873
6730
2526
3446
42
7189
723
6931
7382
8629
1036
8649
9675
1962
7643
1244
1311
1632
1312
6994
7115
9598
9152
485
8992
9532
9408
5305
9606
6054
2449
8757
3173
2960
2878
8996
690
7852
9997
4739
830
9595
534
1344
595
9611
3007
8104
6886
284
3771
6421
3201
8339
9273
9222
2619
5041
1628
4708
9557
4088
7784
9927
8822
9222
5442
7500
1897
1456
4551
4536
1515
8186
457
8682
9435
8083
3864
1451
8607
5127
2210
7393
2361
1885
7619
5455
6581
7883
9104
5446
3544
8123
4854
8459
2908
5409
2603
8837
9599
3469
1700
7169
8237
9920
6142
5621
6313
6452
5306
6402
7283
2209
8297
5657
5172
3179
1960
3923
5164
170
2982
3286
3930
3757
3430
4929
9310
4493
6509
9724
5019
6508
3316
3754
1854
73
8021
6763
9190
2976
790
6669
1591
6412
8208
6978
4716
2995
2567
4343
6038
2016
469
6236
180
7241
6251
9839
6025
1339
2496
2346
4615
745
8149
489
7217
3580
2162
6027
7101
6455
3909
5240
7382
4488
8054
7797
118
7931
9056
9304
4485
7563
4123
4853
7928
8623
8079
5564
2185
861
7197
5157
6778
5192
1588
5147
9410
1535
4850
5465
8699
7088
2801
8504
626
6322
8114
8384
8803
1007
2304
4007
7389
7809
8202
6540
8652
1172
6887
9470
4147
6945
6454
6601
7912
1042
448
4857
3939
4483
7941
3671
2681
4022
207
5710
8334
4544
4583
5363
2077
3689
7123
4479
8528
4178
67
8560
1491
4628
1716
4487
8783
1165
3985
3773
9666
2523
9546
1253
6751
6885
2374
7284
7973
1195
5959
6669
2380
1154
6542
8302
3802
1817
4868
1641
1460
2204
1390
2857
885
5898
3424
9734
7748
4942
1356
4223
4730
6947
5708
5455
8040
4682
3709
1810
815
1260
458
5891
4686
1882
6691
205
9810
8737
550
7385
4956
9795
3384
383
2887
2853
5274
7413
7581
3752
1348
1614
8232
7274
775
8922
7122
3144
1812
358
6107
9434
5968
3878
5699
1471
6675
259
1416
871
1641
6441
6906
6700
8658
6159
1260
5322
7964
791
8827
4576
4003
4162
8824
2723
121
5765
4667
7232
7365
3816
6049
7905
7019
7829
3778
624
9061
5236
8556
5386
5389
7845
1298
6541
4495
5471
104
832
4120
773
3819
9409
745
3347
5279
5619
363
6378
5038
9628
516
2028
7745
1875
3471
7823
8603
7063
2561
4059
4312
636
749
3217
2626
596
7306
7063
4922
5042
5789
7184
8243
5872
1403
4075
4509
1378
7013
6630
4489
5873
7961
7861
837
3997
891
7704
749
6463
4980
7901
6687
6056
6347
9035
8942
5247
3999
8152
6092
2562
6624
1265
2256
6792
8494
1649
1755
8948
3391
7592
7191
6551
9454
4785
7369
4393
7782
5825
7257
9541
3721
7484
4220
7990
65
2440
2498
791
1815
9810
8259
175
5188
6861
6087
5036
4255
9730
5334
3380
9388
1586
9607
1491
702
9128
4364
4305
6780
2373
9431
7236
9703
5922
6247
2044
7818
8468
4122
4592
3418
1743
5503
8092
238
6178
6022
8359
6384
3908
8646
771
9015
8678
4599
2784
4282
1409
9648
4938
6114
8695
6517
8635
6572
4835
249
6502
7048
2312
8239
7210
4191
9674
1718
6608
2741
9753
7828
5789
2831
723
556
4743
9573
7609
2185
8148
2395
2786
1218
8827
1315
5260
2039
1413
1506
5577
3193
9745
6619
7100
8247
3244
7163
3689
250
2937
4842
704
9159
6228
8532
8182
5029
8359
8528
8652
7351
2287
4915
3544
4060
3412
8595
1525
4177
8949
4780
3165
4741
3299
2750
8554
7237
5194
5802
3126
9820
5113
4123
2503
8263
3468
2849
3138
4398
2367
5697
4964
3473
8010
7284
2253
8529
352
6391
9248
1437
9772
2069
2074
7358
2192
2694
7154
8397
8662
1494
4874
3930
9687
1863
8328
9922
8819
8796
3275
1936
4364
8918
7792
332
1995
7774
9386
420
2510
1146
4592
482
2549
1762
5109
7635
157
5434
2408
1744
6856
5865
5885
845
7877
5859
3188
4594
2973
2239
4329
9806
7770
9539
5004
9223
2565
7126
3136
2107
346
8653
2220
7738
3693
3162
4443
5154
5823
6525
