93,25,82,66,56,57,4,81,9,85,94,75,21,18,97,41,61,24,57,30,35,6,69,2,13,79,49,92,29,41,18,1,17,4,37,97,43,55,63,28,36,96,68,71,86,4,29,9,85,28
37,88,59,88,82,42,70,77,83,84,73,55,40,90,41,34,33,83,76,93,57,64,66,10,53,2,45,68,42,4,44,27,16,78,92,58,48,84,95,97,35,39,83,96,53,24,59,17,63,47
31,87,52,48,45,21,9,96,14,19,85,16,89,4,57,74,41,73,72,88,63,63,89,62,1,51,15,20,54,22,34,52,4,39,61,18,19,4,37,59,33,55,49,30,66,41,73,95,18,28
55,56,23,20,83,99,77,77,40,49,60,96,3,12,52,29,96,22,72,93,44,66,20,29,96,50,76,73,38,31,6,78,42,29,11,44,19,91,77,70,1,15,90,79,39,70,74,39,98,29
96,70,95,59,11,84,89,62,23,12,43,12,16,42,42,4,33,94,50,95,18,23,6,36,81,72,12,60,66,8,17,71,18,76,82,45,69,4,23,4,4,20,41,75,23,57,76,81,77,30
39,83,80,19,4,7,31,51,96,38,2,49,31,66,20,87,52,47,39,28,69,96,49,61,84,1,26,20,33,64,86,96,40,37,68,20,96,72,15,9,53,81,8,36,42,8,58,78,29,32
96,8,76,64,49,94,9,59,86,13,5,58,10,13,2,64,94,56,23,39,25,60,37,50,5,52,39,98,14,18,12,5,15,8,43,28,69,43,79,44,48,69,98,33,32,56,80,8,73,70
82,91,10,27,48,5,24,83,64,78,49,24,21,76,57,65,93,8,92,51,32,24,51,24,9,53,64,48,51,72,85,55,63,39,72,19,18,85,15,41,16,64,46,90,39,55,31,58,62,83
21,1,30,12,25,41,51,48,53,41,37,19,28,26,70,77,34,85,71,38,44,10,73,27,32,91,11,66,34,81,57,86,16,46,57,38,87,8,74,30,49,85,16,50,7,88,92,71,64,11
12,30,89,95,34,2,27,19,42,59,37,6,75,82,95,93,59,20,19,33,27,17,6,79,46,68,44,7,10,6,46,25,23,34,59,90,25,85,66,79,16,76,59,36,65,85,34,71,74,54
24,6,15,33,58,92,36,74,21,66,17,37,37,50,83,36,17,96,84,39,33,13,57,84,50,49,6,35,89,47,57,60,54,72,50,26,87,19,89,62,1,7,80,59,24,85,24,83,25,51
36,13,93,45,21,58,76,89,69,6,52,21,55,64,56,48,24,33,40,20,47,60,80,71,81,69,37,63,56,76,77,71,94,66,58,43,67,76,80,65,91,67,43,89,83,19,61,50,79,74
94,85,22,58,6,64,45,66,41,60,92,82,93,52,72,49,23,48,62,37,1,73,49,12,37,41,51,41,51,13,36,99,32,92,30,16,25,64,32,14,41,64,1,15,39,53,55,81,23,41
29,64,67,37,95,5,50,62,64,84,8,37,87,90,33,28,9,3,13,19,49,16,42,13,65,32,31,86,4,94,14,52,67,87,32,93,45,26,51,14,91,54,63,43,97,56,63,73,58,79
76,34,89,55,4,58,69,56,92,17,53,85,44,63,86,87,14,99,99,52,94,7,74,44,77,59,60,86,4,54,2,30,96,52,7,98,2,14,44,88,40,12,64,57,12,39,29,30,67,61
21,16,67,29,83,91,86,29,4,99,91,78,45,53,24,93,39,28,75,4,36,71,71,74,14,19,50,22,66,80,2,61,46,90,62,72,3,68,61,43,83,38,39,29,54,58,36,40,17,5
20,20,60,24,44,21,41,81,76,36,95,76,20,84,13,66,28,81,88,37,8,84,65,1,39,54,93,97,40,65,42,7,66,6,64,32,56,69,87,59,85,45,16,6,16,95,90,62,21,97
99,84,77,49,13,84,90,70,44,88,95,82,28,72,55,33,71,52,91,39,14,34,12,45,43,76,20,15,55,6,67,14,9,21,63,24,41,94,66,52,6,91,75,96,81,44,14,34,1,28
52,84,12,16,5,16,30,92,88,91,54,98,69,62,28,64,51,50,57,92,70,96,86,59,52,21,73,25,25,64,11,1,5,51,8,92,80,56,90,71,41,44,76,28,23,9,89,79,21,40
31,33,54,44,68,39,16,50,65,9,22,69,96,81,16,80,79,38,40,22,62,32,2,38,32,77,25,96,43,93,79,18,90,31,63,58,57,8,40,63,79,8,12,51,7,25,44,15,40,69
78,67,16,24,92,35,71,97,53,43,25,3,95,24,13,13,59,16,97,15,27,2,13,38,9,75,75,59,43,88,23,63,2,70,70,20,76,17,99,12,36,15,57,48,93,49,74,40,45,20
65,81,16,67,86,2,51,82,77,8,70,69,10,40,28,24,71,88,3,42,13,44,5,23,72,53,41,66,68,75,70,26,17,35,74,16,63,31,79,36,90,85,93,63,17,34,70,55,28,53
3,52,74,44,77,11,40,42,34,74,51,56,77,61,52,75,42,39,80,66,72,34,22,56,97,5,56,2,1,99,74,99,65,86,44,99,14,25,76,24,81,73,68,93,1,94,54,84,15,26
75,70,53,64,83,69,17,46,67,48,80,20,23,61,15,87,75,79,92,8,3,22,31,11,71,58,91,25,23,19,97,56,59,74,30,55,25,64,5,12,97,88,44,81,52,95,18,10,43,63
73,55,54,8,30,23,71,3,38,57,25,71,23,80,43,68,98,85,6,71,66,14,16,2,18,76,58,52,62,69,9,18,5,93,82,20,93,71,24,34,60,75,62,48,51,33,76,27,80,61
5,96,74,60,59,92,8,90,75,24,90,76,20,30,12,91,45,92,14,34,71,5,79,60,97,41,5,20,42,27,22,81,93,35,58,22,17,22,85,71,45,97,99,25,12,86,34,9,41,49
68,53,32,4,42,49,86,83,71,12,68,44,98,46,92,88,30,21,97,53,73,83,11,78,17,4,33,75,72,14,21,30,76,35,73,62,1,62,63,32,66,83,89,72,95,81,52,7,2,57
99,10,46,35,54,57,36,62,33,40,57,28,77,14,60,92,45,98,45,89,87,61,57,8,16,3,99,93,88,3,33,78,17,27,99,29,99,43,85,4,55,73,11,63,93,80,55,90,38,46
26,4,75,12,86,89,48,92,2,41,88,86,59,8,9,36,14,89,11,81,32,33,9,26,2,12,26,72,31,28,60,5,66,47,11,52,72,24,13,56,35,63,51,24,7,13,93,3,60,71
18,18,85,14,29,53,57,18,22,24,47,14,67,33,21,6,84,35,62,62,74,42,76,42,40,64,9,95,1,98,4,17,81,28,2,90,38,94,11,83,32,79,60,70,37,27,52,83,34,72
68,73,75,72,87,24,69,78,27,5,74,13,19,98,21,26,36,90,6,8,14,95,35,71,98,10,31,59,75,25,69,77,59,23,43,58,59,77,79,1,96,3,56,30,76,12,50,39,69,94
16,33,79,25,57,35,42,64,70,94,31,78,2,96,74,6,11,86,85,54,51,1,58,64,47,86,58,70,48,75,89,27,96,85,67,6,96,83,2,35,8,69,30,75,51,12,32,74,91,33
59,36,69,3,75,30,70,27,87,65,88,91,96,41,12,44,20,67,64,47,88,93,12,99,62,50,34,40,13,16,30,72,48,13,88,21,97,51,82,62,22,40,4,54,98,50,2,87,72,93
40,43,12,58,59,4,56,11,5,17,95,3,59,69,51,54,15,39,63,45,14,31,83,26,32,8,69,35,66,31,26,11,27,96,16,83,20,85,66,93,3,7,91,24,14,25,44,46,28,78
89,37,75,82,37,23,61,30,51,17,90,94,99,32,24,68,94,88,69,75,75,65,62,45,77,93,16,47,20,37,37,61,65,34,65,29,84,13,59,52,72,35,30,92,92,4,82,72,32,11
37,59,1,76,38,92,34,46,76,89,91,44,89,87,91,71,17,79,98,73,98,2,48,54,4,12,51,7,59,95,49,10,26,32,5,88,42,91,47,3,60,46,37,17,91,70,16,78,52,35
15,83,69,71,21,62,42,5,88,81,43,12,81,51,87,73,72,58,60,33,38,75,75,77,79,7,22,24,90,55,90,64,78,49,38,60,68,23,4,62,51,21,76,85,65,86,71,5,20,46
99,54,55,6,68,45,69,13,9,33,54,78,58,1,19,36,60,75,41,87,21,38,89,78,83,75,83,24,47,87,9,3,68,60,3,74,27,28,42,99,14,77,75,12,75,54,81,3,84,60
60,69,13,85,85,23,77,93,14,30,48,40,58,67,26,75,61,11,64,48,38,24,8,4,9,31,84,73,80,8,38,6,41,82,40,83,79,69,34,79,31,30,30,42,23,25,16,48,36,73
83,20,41,6,34,32,57,31,6,32,60,54,62,92,34,2,46,59,37,29,30,97,71,92,96,66,87,70,63,52,41,64,98,32,75,92,46,88,70,32,29,72,18,35,69,94,84,24,13,97
73,31,47,31,18,87,97,11,85,19,13,36,45,15,82,38,64,7,90,2,10,86,71,1,27,15,98,7,82,56,8,69,25,78,40,65,55,98,9,52,99,71,72,31,86,56,63,93,70,60
52,14,71,44,35,52,60,80,69,30,32,77,1,69,81,61,58,88,82,32,34,62,73,61,41,83,52,17,3,27,16,79,43,66,94,99,22,99,92,82,67,26,22,3,47,3,42,74,33,32
53,96,39,82,25,40,69,81,87,90,22,37,11,58,64,47,6,69,99,12,36,14,50,29,17,72,94,76,39,35,41,40,96,68,71,45,72,7,69,68,61,92,38,2,57,71,77,80,81,80
95,9,85,94,61,1,88,60,4,91,66,64,71,25,21,46,71,35,14,12,2,77,96,49,30,82,40,44,61,95,59,87,79,86,66,18,78,93,64,38,66,69,73,85,61,8,97,96,22,75
99,99,23,23,1,32,96,60,99,86,24,72,40,15,76,15,12,33,97,33,60,28,15,88,68,75,74,3,31,85,73,91,9,30,38,70,32,68,11,59,51,26,12,4,22,8,18,65,35,39
40,42,22,21,83,90,31,92,46,60,91,15,17,84,49,67,98,60,18,11,14,73,64,25,84,96,36,3,27,69,44,43,84,51,65,23,23,90,26,56,50,66,4,18,48,22,88,6,22,6
45,91,78,88,87,79,62,72,9,46,51,50,34,56,66,72,65,77,46,9,16,92,39,29,2,98,11,60,65,96,86,12,45,78,55,92,64,99,13,74,17,61,80,62,19,94,81,13,31,45
75,15,77,56,98,5,37,47,95,32,20,30,70,77,36,71,76,91,54,77,98,49,1,37,34,93,10,5,42,49,11,81,90,3,1,79,32,13,42,29,68,34,93,80,17,38,58,86,15,26
54,41,52,6,96,41,31,4,57,11,77,77,89,29,47,12,7,40,2,4,27,81,97,65,87,13,24,16,97,80,59,29,29,30,21,61,67,59,76,62,13,7,65,28,69,37,82,67,48,77
84,58,55,61,32,93,59,23,73,44,82,75,42,67,16,77,20,95,39,86,43,83,12,44,75,36,75,68,71,87,53,21,16,78,13,88,9,20,39,2,17,50,42,72,26,64,11,34,55,30
